-75.641106
-251.852478
-427.976563
-638.089294
-847.938721
-1003.755554
-1159.141968
-1074.934570
-990.263000
-763.661011
-536.734497
-387.656311
-238.421707
-147.650391
-56.828690
-19.670227
17.483597
49.738068
81.959549
84.858292
87.711235
90.518646
93.280746
95.997818
98.670105
115.936218
133.151398
140.550385
147.890045
150.289047
152.627075
154.904358
157.121185
159.277817
161.374481
168.290894
175.145660
177.057373
178.905716
180.690948
182.413330
184.073090
185.670517
196.964737
208.192657
209.591187
210.919479
212.177765
213.366272
214.485260
215.534943
216.515594
217.427383
218.270599
219.045425
219.752075
220.390823
220.961838
221.465363
212.142715
202.757416
203.073029
203.330826
203.531036
203.673859
194.000580
184.274734
169.621521
154.927185
154.836914
154.712540
144.795395
134.848907
134.636612
134.399780
129.259109
124.096428
123.793549
123.471184
118.250008
113.011841
112.638474
112.250603
106.968887
101.675140
91.492233
81.304184
75.994965
70.687485
70.263481
69.843620
69.427994
69.016685
68.609787
68.207382
67.809540
67.416336
67.027832
66.644112
66.265221
65.891220
65.522171
65.158104
64.799080
64.445137
73.855194
83.265961
82.914139
82.558632
87.078911
91.593338
91.220245
90.839104
95.329361
99.809341
99.397400
98.972961
103.415466
107.843246
107.374611
106.888992
111.265808
115.623375
119.959442
124.271759
123.678619
123.059433
127.293617
131.499435
130.795197
130.060303
119.535774
108.984924
103.291550
97.578369
96.726990
95.857903
94.971024
94.066299
93.143631
92.202957
91.244194
90.267258
89.272064
88.258522
87.226547
86.176041
85.106903
84.019051
82.912376
81.786789
80.642174
79.478439
78.295456
77.093155
75.871391
74.630081
73.369087
72.088318
70.787643
69.466965
63.246704
57.008415
55.633644
54.242825
43.076942
31.899212
30.472836
29.038799
27.596981
26.147259
24.689505
23.223595
21.749405
20.266811
13.896238
7.519232
6.017326
4.510954
2.999989
-3.395136
-4.913437
-6.434483
-12.837839
-14.362518
-15.888088
-17.414669
-18.942379
-20.471334
-12.242768
-4.020121
-20.205172
-31.514706
-33.064957
-34.614914
-36.164696
-37.714397
-39.264137
-40.814007
-42.364109
-43.914547
-40.585968
-32.380684
-33.941563
-35.509808
-41.964943
-48.425388
-50.009563
-51.596992
-43.428848
-40.147995
-41.756706
-43.375603
-59.643089
-75.914215
-77.544067
-74.291565
-66.158981
-48.271351
8.639076
65.510071
73.520515
37.545395
-42.399776
-166.279510
-338.917786
-521.201294
-717.927429
-924.128113
-1003.085266
-1159.700439
-1213.363281
-1081.098145
-894.710571
-673.802612
-496.545013
-358.138489
-263.524506
-198.106903
-142.396820
-101.298050
-74.828354
-53.239933
-26.782745
-24.744545
-22.728075
-25.612751
-23.637428
-21.681515
-9.986076
1.685604
8.449692
29.821789
36.516422
43.169754
35.141293
27.073891
28.730930
30.353607
7.544762
13.989471
15.529480
17.044315
18.534061
29.757698
31.193104
37.478687
48.612343
54.830830
56.132015
62.274910
53.739613
54.927879
60.960381
62.076115
63.154625
69.075485
74.957130
80.797455
76.835472
82.591278
88.303917
93.971252
94.711761
90.525558
86.294418
72.261810
77.711182
83.122665
68.976364
59.676315
40.588737
26.360973
26.758701
32.023155
22.634468
22.994434
23.344292
23.684166
9.375854
-4.935520
-4.604836
-9.149742
-13.688442
-13.339149
-8.101736
-7.737177
-7.365904
-6.987793
-6.602715
-1.331099
-0.933929
4.347809
-0.126314
0.284378
5.580006
10.879029
16.179348
21.478870
21.896046
17.430998
22.724398
18.256359
28.426453
33.712563
34.112598
29.626667
25.136543
25.524008
40.548061
55.563820
55.926395
66.033127
71.241348
71.548935
71.835449
72.100983
67.466202
72.571770
77.656654
77.839310
77.999283
78.136650
78.251534
78.344009
73.534729
78.464340
83.371834
88.255066
93.111923
93.060806
102.740158
102.627846
102.482819
102.305191
102.095016
96.972954
91.820732
91.520103
96.071136
95.712799
90.445168
90.029434
94.465668
93.992821
93.490410
92.958511
97.276634
101.563179
100.936546
100.276253
99.582367
89.096046
98.098465
97.308586
96.485352
90.749390
84.982407
84.066139
78.241737
77.270386
76.272682
75.248695
69.319031
58.485950
52.512848
36.763660
35.642323
34.510555
23.609512
17.582026
16.430363
15.275127
18.995819
22.710821
26.417961
30.115072
24.041094
22.836626
26.501720
30.154760
28.914131
27.659332
26.390408
25.107409
23.810389
22.499395
16.295040
14.958479
18.489769
22.007298
20.629457
19.235744
17.826218
16.400932
19.839396
18.380556
16.903921
15.409550
13.897509
12.367865
15.700123
23.892138
22.301201
30.445168
82.475784
134.453705
147.319061
116.185783
36.187851
-87.759689
-255.601257
-433.105225
-654.347656
-885.072510
-988.550903
-1169.672852
-1218.539917
-1081.456177
-880.469421
-644.947632
-462.827118
-319.551636
-215.185410
-140.016174
-84.318237
-43.236488
-7.029722
24.286594
45.819775
42.922684
44.874290
41.915779
43.808342
45.672626
52.388153
59.073349
65.726074
86.982544
93.557281
100.086510
96.809204
93.486565
95.000351
96.471199
78.381439
89.534485
90.890442
92.208282
93.488098
104.488892
105.688522
111.725433
117.718056
118.784798
119.805214
125.658844
126.584679
137.221146
142.925537
143.695786
144.411346
149.951828
150.556198
151.103958
146.715790
152.032303
152.413071
152.737595
153.005981
148.338867
143.617996
129.086807
129.149246
129.167053
124.260895
124.191940
104.563042
89.780396
79.850739
74.778572
64.807312
64.579803
54.578342
44.566326
49.186600
53.798676
53.520958
48.353512
43.178059
42.876339
42.568958
37.376534
37.060234
36.740669
26.659008
21.458073
16.260691
15.948579
10.762894
10.464794
15.054325
19.649864
19.369793
19.093594
18.821308
13.673527
18.290844
13.153294
22.660355
27.289837
31.918999
31.666206
36.290379
45.789318
50.399727
54.998840
54.705040
64.156677
63.831532
58.609093
53.371033
48.119591
47.736454
57.101070
61.570686
61.143101
65.577217
69.991364
69.503906
68.994301
58.703659
58.154205
62.466507
66.758904
71.029190
70.395699
74.617325
69.053528
63.465408
57.855202
47.345673
31.941277
26.286999
25.505619
44.235474
67.829353
52.361153
41.752525
40.887375
40.006798
39.110794
38.199371
42.151970
41.207474
40.245335
39.265553
43.147568
51.889164
55.727005
59.538334
58.441475
57.315876
46.402645
35.465130
29.387205
28.171099
22.057922
15.929352
14.667057
13.391599
12.102986
10.801229
9.486339
8.158327
-2.941681
-9.170899
-10.527094
-11.889691
-13.258675
-14.634024
-16.015718
-17.403736
-13.918608
-15.321415
-16.732687
-18.152393
-24.459948
-30.773655
-32.211807
-28.774374
-39.981316
-41.430916
30.309645
102.015457
149.256027
152.491470
121.478500
46.471581
-87.134239
-230.484528
-495.742065
-770.559753
-908.429810
-1123.985596
-1290.263916
-1270.564697
-1069.776123
-834.372742
-632.772949
-469.947388
-326.451294
-212.108017
-151.365677
-105.215317
-59.038525
-17.734657
13.799145
20.911297
23.117416
20.417568
17.693504
14.947502
17.061306
19.155544
21.230297
37.923973
44.832771
51.713444
58.563866
65.381882
67.285919
69.155518
51.472984
63.041710
69.701263
76.328941
82.922623
99.239052
105.753891
117.103348
123.524185
125.014259
126.453133
132.720322
129.175354
135.338364
141.448288
142.623566
143.743729
149.688339
155.575790
161.403931
152.532364
153.362793
144.377548
135.340012
136.013626
131.760132
122.581856
103.603836
104.111725
104.587814
90.393860
81.054352
71.694405
67.197937
52.928917
43.532421
34.133499
34.495556
34.859760
35.226181
30.715435
26.209244
31.468773
31.853527
32.242996
37.516682
42.792965
43.190231
43.587963
43.986202
44.384995
49.663811
45.182144
45.580566
36.220783
31.745590
32.157234
32.576286
33.002777
33.436710
38.757553
39.204205
39.656120
30.354414
40.580200
45.931808
51.286476
51.762520
47.359932
47.839821
48.322720
48.808617
49.297493
59.548218
64.917984
65.404556
65.887337
66.366295
66.841400
77.071503
82.413773
82.865967
88.186905
93.494881
98.787628
104.062859
94.679962
95.040543
100.265091
105.471863
110.658585
110.943497
120.964874
121.200409
111.650024
102.076950
102.244438
97.514053
92.767387
92.885986
97.869743
97.957458
88.269592
83.448784
83.497147
78.655685
83.564835
88.463364
93.348915
98.219147
98.192276
98.147598
98.084991
88.245422
93.030411
88.040375
87.915710
82.897385
77.866905
72.826340
72.657196
72.479866
67.414734
67.222755
62.144867
61.942005
56.855103
56.645100
51.552921
51.339497
56.004639
55.787056
65.324890
79.734070
69.731071
64.596802
54.574394
44.547539
54.038239
58.644630
63.243736
62.953671
67.533119
67.220764
66.895821
66.558083
66.207321
65.843323
65.465866
65.074722
64.669662
64.250458
68.696335
73.125381
72.655716
72.166550
66.778183
61.372066
60.829613
60.271141
54.816967
49.348518
43.867767
38.376694
37.756721
37.128159
36.490761
35.844280
35.188469
34.523079
33.847862
33.162571
32.466953
31.760761
31.043747
30.315659
29.576244
28.825256
28.062443
27.287556
31.379789
30.577784
34.640182
28.926168
28.076056
27.210146
21.448750
20.552727
19.642387
18.717484
17.777771
16.823002
15.852936
14.867329
8.986496
7.971310
6.942081
5.898575
4.840555
3.767788
2.680038
1.577078
0.458677
-0.675390
-6.704796
-7.868654
-9.046631
-10.238947
-11.445818
-12.667458
-13.904078
-15.155886
-11.543645
-12.828668
-14.131710
-15.452969
-16.792641
-18.150917
-19.527988
-16.044592
-17.462023
-9.142118
47.946060
104.981262
127.780602
106.573860
56.008156
-38.532833
-196.524841
-364.223145
-600.105652
-845.512756
-963.709106
-1159.578247
-1262.250977
-1178.971436
-978.089478
-742.647034
-550.821960
-397.821350
-278.834747
-189.036148
-133.345062
-92.268280
-56.064766
-24.750198
-3.217455
-6.113867
-4.160656
-7.116825
-5.221364
-3.353823
-1.514296
0.297121
-2.799103
8.716944
15.322956
21.896088
33.313480
44.691185
46.265797
47.796150
29.764391
40.973793
42.384308
43.754761
45.085106
56.134190
52.500298
53.703384
54.863976
51.102585
52.180275
58.097038
49.332829
50.289295
56.086960
56.964684
62.681358
73.234734
73.982010
74.682083
65.576050
66.186111
66.753372
67.277832
67.759483
63.318878
58.837696
44.559254
49.766891
54.940620
40.560432
31.030239
21.475037
16.778728
7.184652
2.456161
-7.163404
-7.031250
-11.785692
-16.545042
-26.186501
-35.826164
-35.700672
-40.448338
-45.187466
-45.036369
-39.995018
-39.824486
-39.645302
-39.457436
-34.381397
-24.419382
-38.852470
-48.397285
-53.049355
-52.806427
-52.547905
-52.273750
-51.983925
-51.678383
-46.477642
-46.142769
-45.794277
-55.191017
-45.051819
-39.778320
-34.493248
-34.078209
-38.533165
-38.096966
-32.769558
-27.432556
-26.967581
-16.736244
-11.381279
-10.904846
-10.427455
-9.949055
-9.469595
0.769865
6.126605
6.598454
11.944358
17.282703
17.731880
18.171385
8.842381
9.267146
14.566284
19.858189
30.020134
35.288849
45.421062
45.774052
50.986210
56.175930
56.461601
51.843269
47.202667
47.421513
47.620415
42.919991
38.201950
38.348026
43.358273
43.471634
43.567612
43.646263
48.587097
53.508495
53.528854
53.527679
53.505016
43.702042
53.399914
53.317581
48.334549
38.453087
38.316025
38.164532
37.998661
37.818474
32.744576
32.538132
32.319756
36.968945
31.845196
31.589127
26.441898
26.164671
30.757507
30.459347
25.270245
24.951359
24.623302
29.165573
28.817116
28.457428
32.966007
32.581802
27.304857
17.137455
21.601860
21.178131
20.745762
20.304811
19.855328
19.397367
18.930981
18.456223
17.973145
17.481804
16.982252
16.474545
15.958737
15.434879
14.903028
14.363236
13.815562
13.260058
12.696780
12.125784
16.426567
20.717529
20.117058
19.504654
18.880375
18.244286
17.596439
16.936897
21.145163
20.460188
24.640926
28.805771
28.073120
32.201931
31.431156
30.640306
29.829451
28.998646
28.147974
27.277496
16.628393
10.843510
9.925138
8.993908
8.049896
7.093172
6.123817
5.141911
4.147526
3.140751
-2.757778
-3.786871
0.053556
3.881929
2.816669
1.737310
0.643944
-0.463337
3.295010
2.157969
1.005081
-0.163548
-1.347816
-2.547623
-3.762859
-0.113976
13.276367
36.401627
93.648033
150.832962
164.014923
133.187317
43.725315
-89.692688
-267.006653
-453.980408
-655.408936
-866.321594
-959.757324
-1130.851563
-1164.831055
-1012.885437
-826.346375
-605.298035
-432.790710
-299.143127
-204.415100
-138.889755
-83.078064
-41.883751
-5.565571
25.861061
47.503506
44.714691
46.773621
43.921551
45.919708
47.888783
54.708366
61.496910
63.372906
79.854263
81.657791
83.421967
90.026375
96.589485
98.229782
99.826859
86.742516
102.898560
104.373466
105.805725
107.195480
118.301765
119.602470
125.736122
131.821182
132.976105
134.080521
140.013962
141.015503
151.723618
157.495636
158.329514
159.104843
164.701172
160.478104
156.196899
146.980408
147.471619
147.911713
148.300858
148.639160
144.047333
144.286591
134.718735
134.866104
134.969940
120.392052
110.656952
105.769234
105.731232
95.904716
90.932587
76.178833
71.168015
71.023010
70.864487
65.813103
60.750622
60.558815
55.478893
50.392616
50.181747
59.725815
64.382149
64.148621
63.904755
58.771191
58.509132
53.359756
53.084267
47.923843
47.639671
52.231819
56.818707
56.518726
56.211395
55.896774
50.695496
50.368721
40.278168
44.825569
44.490974
49.033333
48.691578
43.465763
43.117050
37.886585
32.656082
32.307251
41.719570
51.129753
55.653946
55.289963
54.917290
54.535950
63.904865
63.501846
58.206352
57.779526
57.341946
61.773075
66.191261
55.955978
55.468906
59.850605
64.219421
73.452614
77.786842
86.978783
86.385689
80.886993
75.364380
74.699509
69.133492
63.548004
62.824699
66.963585
66.203552
60.544586
59.747807
49.174866
33.709648
32.876579
32.037323
36.071316
40.096882
39.232346
38.357147
37.471275
26.815821
40.551334
44.515018
43.584099
37.758556
31.920036
26.070751
25.092344
24.105362
23.109787
22.105604
21.092798
20.071354
14.161808
13.125259
12.082245
11.032753
14.856213
13.791498
12.718041
11.635829
15.424293
19.201756
18.086538
12.078630
10.939133
9.788589
8.626991
7.454329
16.029484
24.589127
23.369917
22.130743
15.992156
4.956379
-1.213264
-7.393994
-8.704144
-10.023154
-16.230465
-22.444401
-23.783289
-20.247118
-21.596983
-22.953424
-24.316425
-25.685966
-27.062027
-28.444584
-24.954165
-26.351854
-17.999287
39.134693
105.987930
138.614380
127.239655
71.868240
-27.475391
-175.626251
-343.241028
-574.159241
-824.361450
-942.471619
-1172.408569
-1304.252197
-1206.197021
-1005.153198
-754.885559
-553.096130
-394.996429
-270.898560
-180.857925
-120.035042
-68.938690
-22.711594
-0.891445
16.030701
18.289356
20.522903
12.972519
10.281029
12.450720
14.602205
16.735554
18.850826
35.586430
42.538551
49.463936
56.360413
63.225864
65.178688
76.857292
68.980652
80.588829
82.400810
84.175537
85.913116
97.372498
99.031540
105.528664
111.982300
113.510834
114.993797
121.310730
122.700592
133.801788
139.971649
146.087463
152.147064
158.148361
159.209717
165.090134
161.149124
162.027313
162.845322
163.603256
164.301147
150.300751
136.247147
122.147041
122.645515
123.104301
108.885117
109.271370
109.624779
95.307076
76.083878
71.481888
61.985619
57.358448
52.723202
52.961601
48.314808
43.664528
43.892483
39.239815
34.588242
34.819458
39.933510
40.169315
40.406357
40.644669
36.004829
36.247978
31.615246
31.867767
27.246670
27.513081
32.667015
42.706264
47.867508
48.148540
48.428802
43.828861
44.109818
34.633339
44.680534
49.849724
55.018127
65.062958
70.220871
55.851299
41.478657
41.747917
42.020721
47.176483
47.454067
47.732887
48.012901
48.294083
48.576378
58.618645
63.778061
64.052361
64.320930
64.583725
64.840691
65.091759
55.577984
55.821526
60.942863
70.939713
80.928116
81.144676
91.107094
91.293068
91.461411
91.612030
91.744843
86.980316
82.200012
77.406082
77.480072
77.542450
72.713654
77.634148
82.542709
77.678116
77.680824
77.671265
82.528763
87.371552
87.317825
87.246902
87.158684
67.535233
67.420868
67.297676
67.165520
62.144814
61.996536
61.841095
61.678345
66.387581
66.207550
66.017532
60.937946
60.729736
55.633850
55.411247
50.302876
54.949120
59.588707
59.339802
59.081680
58.814175
58.537102
53.370850
53.076347
57.653412
62.220203
66.774323
71.313347
70.955444
75.459320
75.063660
74.647736
74.211342
73.754295
68.396950
67.900230
67.384491
71.728973
71.172371
70.593941
69.993469
69.370758
63.846169
58.301163
47.858299
37.401268
36.693192
35.974976
35.246414
29.627850
28.880196
28.123791
27.358433
31.463356
30.677242
29.879332
29.069412
28.247278
27.412722
26.565531
25.705498
29.711863
28.823309
27.919073
26.998949
26.062731
25.110212
24.141188
23.155457
22.152813
16.253613
15.218761
14.168617
13.102980
16.901094
20.681105
19.561148
18.420479
17.258907
11.196793
9.995060
8.774078
17.292553
25.786970
14.734938
8.537937
7.198014
15.594442
72.758171
129.867950
162.499771
151.120102
90.853844
-13.393114
-161.574295
-319.467194
-574.830872
-839.720093
-962.752319
-1163.447266
-1270.933594
-1192.453003
-991.473877
-755.917664
-554.203186
-391.300903
-262.404907
-162.693588
-106.849831
-65.621529
-29.267694
2.195982
33.635483
40.640121
42.725315
39.890923
41.897930
43.866753
40.917812
37.932652
39.792812
56.257065
58.041950
59.785690
66.367615
72.905952
84.277809
95.599197
77.588905
88.809036
80.460594
72.065712
73.387619
84.426193
80.779709
81.968040
87.991127
89.087738
85.257797
86.262329
87.221786
97.894989
103.639076
104.451736
105.212334
110.800232
111.454254
112.053749
102.839760
103.334427
103.778786
104.172768
104.516281
99.929825
95.294998
80.855042
81.013779
81.132805
66.573715
56.860893
51.998703
51.989296
42.194283
37.256363
22.539364
17.567657
17.463963
17.348770
12.342574
7.326981
7.183592
2.153460
-12.640696
-22.553946
-17.823011
-17.967955
-22.988831
-28.004030
-33.011383
-33.129292
-28.357807
-18.699196
-23.675737
-23.767483
-28.733374
-33.691795
-33.761143
-33.820904
-28.991692
-29.034658
-29.070412
-38.857891
-29.116034
-24.246552
-19.372269
-19.374893
-24.254475
-24.249943
-19.361345
-14.470389
-14.458785
-4.688239
0.198435
0.198977
0.192793
0.179843
0.160091
9.892387
19.613367
24.439112
24.367363
24.277534
14.410708
4.530177
-5.359650
-5.495472
-0.756763
3.974787
8.696928
8.527973
22.985676
27.666134
27.446543
27.206329
36.704361
41.297852
36.105122
35.766697
30.523678
20.378269
24.852682
34.185795
33.734818
28.379200
23.000589
22.480652
21.939938
21.378437
20.796158
20.193096
24.448700
23.801868
28.011490
22.437027
21.719036
20.978085
20.214186
24.306803
23.494835
22.657749
16.916126
11.151644
10.245996
9.319765
-6.265360
-16.984903
-17.954952
-18.934362
-19.923096
-20.921112
-21.928371
-22.944830
-23.970440
-25.005154
-30.928366
-31.978912
-28.156738
-24.343452
-25.420654
-26.508837
-27.607935
-28.717880
-24.959156
-26.092800
-27.239285
-28.398533
-24.691013
-20.998306
-22.201988
-18.543072
-14.903126
-1.525383
55.739723
112.950638
135.924774
114.892197
44.982506
-68.893677
-226.685165
-394.164703
-605.412842
-826.177795
-914.855774
-1081.222656
-1193.458130
-1119.765625
-923.611145
-692.913696
-510.727753
-367.376465
-253.165192
-168.144867
-117.232498
-80.932404
-44.621643
-13.195049
13.334190
15.437351
17.511799
14.678246
16.697945
18.691612
20.659401
22.601475
24.517990
41.047447
52.665585
64.247559
70.909653
77.529297
79.224960
80.876282
67.845100
84.053253
85.579262
87.061646
88.500565
99.655113
91.244370
87.670151
93.814346
95.036575
101.095886
111.990280
113.077148
123.874481
124.860222
120.914001
121.797165
127.509850
138.050064
148.534073
139.439865
140.048737
140.601990
141.099838
141.542404
137.050491
137.385345
127.908875
128.143448
128.330399
113.831512
104.171478
94.475433
89.627457
79.871071
74.969772
70.046532
74.862625
74.777672
74.671318
69.664276
64.638374
64.475479
59.416862
54.344353
54.139790
58.803349
58.574066
58.331581
58.076042
62.687061
72.162582
66.980537
66.661102
56.566090
51.338432
55.859955
60.369686
64.865578
69.345551
68.928101
63.613361
63.162598
52.937622
62.219681
66.607269
66.098282
60.692890
55.272884
54.720062
54.155128
53.578217
52.989449
62.147854
71.290245
75.532852
74.873589
74.192032
88.126656
102.032578
101.264931
100.462189
84.986122
74.361298
68.592293
67.681435
61.869949
60.919075
64.828941
68.717972
72.584106
71.545761
70.482498
69.394463
63.402306
57.387806
56.232746
50.178352
48.985847
47.775898
46.548618
45.304123
44.042519
42.763927
41.468449
40.156208
38.827309
32.602425
31.242775
29.869024
28.481291
27.079683
25.664318
24.235308
22.792763
26.216249
29.624214
33.014557
36.385174
39.733955
38.179363
36.600956
39.878311
38.250420
46.355762
103.225571
140.521088
143.586395
107.539932
27.517918
-81.805664
-239.899643
-427.175049
-677.703552
-918.180115
-1026.509766
-1149.026855
-1173.448608
-1060.728149
-845.072571
-609.529968
-422.519043
-289.003387
-189.525146
-109.490234
-58.692921
-22.516979
8.781055
35.187973
56.692780
58.648384
60.572662
57.586296
59.450493
61.285934
63.092731
64.870987
66.620819
82.980682
89.546822
96.075989
102.566101
109.015060
110.541306
107.144951
84.189995
95.361549
96.740288
102.964653
109.153091
120.182938
121.411545
127.477333
133.498749
139.473724
145.400101
151.275787
152.219193
162.868805
168.581909
169.356415
170.071854
175.607788
176.203186
176.737595
167.452240
167.869400
168.230286
158.776123
149.270294
144.596817
139.878525
120.479378
115.685005
115.738831
101.123169
91.362495
81.581909
81.544792
76.612900
76.547386
71.589447
71.500244
71.400391
66.410507
56.532867
51.530849
51.406731
46.401672
41.397377
41.275558
46.036255
45.918392
45.801460
45.685486
40.691055
40.579315
35.591396
35.488430
30.511547
35.301323
44.976112
49.772594
49.688568
39.844589
30.003996
34.809570
44.500198
34.674213
44.371620
49.190735
54.008789
53.944099
48.996651
48.927540
48.857304
43.906475
38.956696
48.648495
53.459625
58.267281
63.069218
62.983727
62.890221
72.547554
77.312904
62.545677
47.770264
47.631607
47.491325
57.108257
56.960129
56.805771
61.524574
66.234802
70.934189
70.740997
80.293480
80.069366
79.827461
74.688263
69.533356
64.364876
59.184967
53.995773
53.678867
53.354725
48.143822
52.686607
57.221901
56.867935
61.383514
61.007431
65.498474
60.215996
50.041557
49.617828
49.185829
38.986557
48.301018
47.847992
47.386261
42.036274
41.559025
41.074959
40.583961
40.085915
34.701256
39.070427
38.552753
42.907001
42.371948
41.826912
36.392330
30.949738
25.501234
20.048910
14.594860
14.020618
13.446613
12.872719
22.057695
21.479195
25.775421
25.185135
29.467094
28.860056
28.243336
27.616802
26.980324
26.333765
20.797550
20.132656
19.459503
13.898514
13.210665
12.516378
11.815521
11.107964
10.393570
14.551657
18.700428
13.078642
12.326725
11.565100
10.793636
14.891653
18.977350
18.168945
17.345753
11.628206
5.897836
0.156745
-0.713528
-1.592545
-2.480426
-3.377294
-4.283265
-5.198457
-6.122983
-7.056957
-12.879935
-13.830915
-14.789453
-15.755655
-16.729630
-17.711477
-13.821855
-14.821973
-6.073591
56.333763
118.697243
151.711243
140.721802
95.492134
6.283297
-136.623764
-289.249725
-553.994263
-828.269165
-955.808044
-1161.007813
-1287.632813
-1228.277832
-1007.366882
-751.865417
-554.598267
-396.136719
-276.551819
-186.138031
-120.055969
-68.575699
-26.840031
10.012609
41.966602
49.490780
52.100594
49.795975
52.337948
54.846996
57.323032
59.765984
62.175777
79.190674
86.406708
93.580490
100.709724
107.792114
109.945938
112.050560
99.467590
116.118607
118.081894
119.995720
121.860001
133.433578
130.314697
132.023331
128.800476
120.648323
131.968445
148.118011
149.572495
160.729080
166.944916
168.217697
169.426804
175.451614
166.772064
158.030853
149.232330
150.139771
150.994202
151.795563
152.543732
148.359238
149.003082
139.836853
140.382690
140.881622
131.574661
127.104523
122.593880
122.924309
113.457382
108.835770
94.423302
89.744293
89.921417
90.075157
85.325958
80.555374
80.644974
75.835754
71.009293
71.047127
66.190269
56.440823
66.200348
75.946495
75.915833
80.746567
75.798035
75.710655
70.725426
70.603333
75.344238
80.066368
79.887909
79.688194
69.708191
54.831650
44.823990
25.051170
34.557495
39.182274
48.682034
53.293301
48.134274
47.845356
47.546959
47.238934
46.921131
56.352291
60.889488
60.530357
60.154179
59.760803
59.350082
68.680740
68.230408
67.757813
72.142242
76.501877
75.954895
75.380569
65.019859
64.394821
63.746403
67.953888
67.256004
66.532043
65.781822
69.884644
78.838120
87.758209
91.760849
95.723114
94.763184
93.760345
78.076080
67.234688
66.119881
64.972618
63.792744
62.580097
61.334518
60.055855
53.864517
47.641998
41.390381
39.991165
38.564774
37.111046
30.750391
24.364338
17.954956
11.524323
14.833412
13.241529
11.627982
9.992638
8.335365
6.656035
4.954520
8.110141
16.120556
33.860653
75.959770
118.000595
130.686386
99.372017
33.829613
-75.670967
-248.598770
-431.202301
-647.796814
-873.887390
-967.868225
-1139.513306
-1188.687866
-1051.937012
-861.067871
-635.684998
-468.600067
-340.370789
-236.416656
-161.663834
-106.386795
-65.730606
-39.713100
-18.586578
2.519449
-0.801195
0.730305
-2.645008
-1.166092
0.287548
1.715853
3.118765
-0.383211
10.729872
16.935751
23.111610
29.255180
35.364220
36.557014
37.712986
19.314322
30.164324
31.222975
32.249138
33.242790
43.962818
49.766418
60.410263
66.131012
66.926430
67.675972
73.259064
69.035172
74.524292
79.965309
80.476578
76.058105
76.471008
76.835861
77.152687
67.662598
67.887848
68.069557
68.207764
63.423023
53.717625
48.854893
34.198761
29.273703
24.323084
9.590261
-0.279720
-10.161833
-15.172148
-25.067287
-30.083876
-39.978542
-40.108459
-40.232471
-40.350525
-45.342010
-50.325207
-45.538960
-45.623756
-50.579544
-50.645157
-50.699982
-55.623390
-55.654217
-55.671841
-60.555637
-60.544441
-65.397072
-65.352341
-70.169083
-70.086105
-65.103340
-60.102379
-59.964813
-59.811127
-59.641235
-64.334518
-64.129776
-73.665268
-63.659821
-58.514984
-53.353481
-53.056877
-52.745651
-47.540268
-37.442871
-27.337242
-26.986637
-16.873182
-11.639561
-11.287905
-10.938679
-10.591789
-10.247143
-0.145758
5.069687
5.397066
5.715921
6.026348
6.328444
6.622305
-2.850855
-2.568720
12.348257
27.255182
32.386612
32.619862
37.713940
33.028389
28.324423
23.604364
23.749985
19.002499
14.243681
14.355297
19.337458
19.429165
24.389414
34.216095
34.266541
29.420303
29.438610
29.442122
29.430946
29.405195
29.364981
29.310413
29.241606
19.399778
29.066162
28.959751
28.839552
23.826231
28.560459
33.281235
33.107021
32.917358
27.832935
27.614960
17.625216
12.506594
7.381989
7.133173
2.001373
1.747816
1.493170
-3.641891
-8.775591
-9.026144
-9.272882
0.243200
0.000000
