40.375488
40.174751
39.961128
39.734436
39.494488
39.241096
38.974072
38.693226
38.398373
38.089325
37.765892
37.427887
37.075123
36.707409
36.324558
31.046936
25.756021
25.333288
24.899103
19.573832
14.238953
13.775940
13.305164
12.826435
12.339565
11.844370
11.340664
10.828262
10.306978
9.776627
9.237022
3.808537
-1.627344
-2.189138
-2.756472
-3.329527
-3.908484
-4.493517
-5.084806
-5.682528
-6.286856
-6.897964
-7.516029
-8.141220
-8.773706
-9.413658
-10.061243
-10.716629
-11.379980
-12.051460
-12.731232
-13.419453
-14.116281
-19.701317
-25.293053
-26.009975
-26.731680
-27.458317
-28.190033
-28.926971
-29.669277
-30.417091
-31.170551
-27.050343
-27.817713
-33.472794
-34.254604
-35.042713
-35.837246
-36.638321
-32.566608
-38.262787
-34.206966
-20.401476
-16.370863
-17.238001
-23.002993
-53.181496
-78.483620
-79.380577
-90.028564
-90.905457
-106.408562
-117.013504
-117.836487
-113.757027
-109.656868
-100.658829
-91.646873
-77.746033
-78.480835
-74.333519
-75.065262
-75.796654
-76.527740
-77.258560
-77.989136
-78.719498
-79.449692
-75.300262
-56.514572
-32.860397
10.289478
72.915100
96.434250
7.644184
-193.415146
-428.581604
-751.422607
-1093.479248
-1322.851318
-1312.568726
-1087.033081
-782.971191
-400.520538
-276.535828
-220.774292
-184.465820
-187.143707
-126.337379
-124.059555
-102.239082
-46.246475
-34.177223
-17.241280
-5.204147
1.929790
4.158360
6.361065
8.537960
15.568550
17.691795
19.787209
21.854855
28.774254
30.784363
32.764709
34.715378
36.636436
38.527981
40.390083
42.222839
44.026333
45.800652
47.545891
49.262138
50.949493
57.487503
63.994572
65.589149
67.150787
68.679573
70.175598
71.638977
77.949234
79.345390
85.586426
91.790756
97.956299
104.080902
110.162476
116.198898
117.308594
113.491661
114.509331
120.361694
126.167175
122.164810
113.236313
109.145142
105.014168
100.845711
96.642082
82.646721
78.384155
69.218361
60.033333
45.954151
41.625900
37.292000
42.713654
38.370949
43.783974
49.191711
59.471458
64.859978
65.355125
70.715881
76.060646
81.387291
81.814201
82.220924
82.607521
82.974045
83.320580
88.526642
88.831169
89.113678
89.374237
89.612900
89.829720
90.024757
90.198059
95.229118
95.356888
95.460854
95.541069
95.597565
95.630394
95.639587
95.625191
95.587242
95.525772
100.320259
100.209618
100.073326
99.911423
94.844460
89.754150
89.522171
89.269089
88.994934
88.699707
88.383438
88.046120
87.687775
82.428963
82.030800
81.613838
81.178085
80.723534
80.250191
79.758049
79.247108
78.717354
78.168785
77.601379
77.015144
76.410049
75.786072
75.143219
74.481461
73.800781
68.221710
62.625885
61.894951
61.149445
65.268768
64.491806
63.697948
62.887184
62.059475
61.214790
60.353092
59.474346
58.578522
57.665577
56.735474
55.788177
49.944206
48.964626
47.969952
46.960144
45.935162
44.894962
43.839504
42.768742
41.682632
40.581135
44.343651
43.209023
37.177216
36.009285
34.825748
33.626560
27.532234
26.303833
25.061872
33.565197
46.929886
50.510902
58.944317
62.466759
31.799314
5.990805
4.570082
-6.619009
-8.054284
-24.133001
-35.330757
-36.763691
-38.190739
-39.611919
-41.027264
-42.436798
-19.443325
-11.093524
-7.632967
-9.063895
-15.386328
-21.718616
-23.179111
-24.647268
-26.123100
-27.606615
-33.977264
-25.715050
-12.583302
20.049652
116.083290
173.004898
117.596153
-50.118515
-247.113037
-531.851929
-977.398254
-1310.301025
-1418.181885
-1310.750977
-992.936768
-596.628235
-448.928162
-369.363647
-304.296173
-278.151947
-173.835297
-128.017319
-106.561844
-50.924408
-34.321075
-12.843483
-1.138821
5.667942
7.574610
9.460653
11.326109
18.050447
19.872601
21.672047
23.448826
30.082420
31.811766
33.516350
40.075661
46.608086
48.231998
49.826893
51.392830
52.929855
54.438023
55.917389
57.368004
58.789921
65.062645
71.304565
72.634071
73.930679
80.073868
86.182053
87.373619
93.407516
94.522697
100.478104
101.512680
102.505951
108.337410
114.125450
119.867920
120.683197
116.571342
117.293541
117.970398
118.601974
119.188316
114.850052
110.468887
106.047119
101.587006
97.090828
77.922516
68.488243
54.154160
39.806419
20.572285
11.099026
11.391125
21.448631
16.869926
22.054502
27.241287
37.307552
42.490013
42.786476
47.955883
53.116596
58.266441
58.523773
58.768082
58.999390
59.217728
59.423126
64.495056
64.672432
64.834724
64.981949
65.114136
65.231308
65.333466
65.420647
70.372292
70.427315
70.465172
70.485870
70.489426
70.475845
70.445129
70.397285
70.332321
70.250229
75.030464
74.911911
74.774017
74.616776
74.440178
74.244217
74.028893
73.794189
73.540092
73.266602
72.973694
72.661362
72.329582
67.098900
66.730392
66.344620
65.941528
65.521126
60.203922
54.871567
54.405701
53.926842
53.434975
52.930061
52.412071
51.880981
51.336746
50.779343
50.208729
49.624874
49.027740
48.417290
47.793488
47.156288
46.505661
40.962112
40.286713
39.599976
38.901863
38.192329
37.471329
36.738815
35.994751
35.239090
34.471779
33.692780
32.902046
32.099529
31.285183
30.458961
24.741373
23.893480
23.035789
22.168259
26.170279
25.280699
29.258362
28.342113
27.411348
31.345469
30.383322
24.524862
23.531155
22.522707
21.499483
20.461439
24.287977
23.217949
27.010204
35.662487
39.411427
43.134220
41.949162
11.458991
-14.166888
-15.399630
-26.395378
-27.631943
-38.627129
-44.738190
-45.962929
-47.180817
-48.391876
-39.837227
-31.280224
-17.845873
-19.058632
-15.400727
-16.633282
-17.876858
-19.131460
-20.397093
-21.673756
-22.961447
-24.260162
-25.569895
-12.252302
10.806526
53.354401
120.250809
123.634666
14.709370
-191.837921
-437.360626
-751.024353
-1122.928101
-1352.846069
-1333.326050
-1137.568359
-819.336121
-456.844208
-343.023804
-263.230286
-212.619736
-191.214310
-120.951729
-109.210846
-77.924957
-22.227898
-10.456282
6.179932
13.035797
14.988573
16.917747
18.823357
20.705456
27.443529
29.276522
31.083927
32.865803
44.381081
50.987068
52.681572
54.344124
51.095322
47.816895
49.390572
50.936981
57.335617
63.704895
65.163208
66.590057
67.985542
69.349701
70.682617
71.984360
73.254990
74.494583
75.703217
76.880943
82.907280
84.021210
89.981674
91.027634
92.038612
93.014664
93.955872
99.741745
100.611237
96.564423
97.362473
98.126007
103.734550
104.427040
95.324112
91.068604
81.903893
72.713928
68.382660
54.274052
49.912567
40.662167
31.406782
22.150909
17.778492
13.412349
23.693089
24.219090
34.508183
39.917641
50.204170
55.604485
56.116405
61.498867
66.870224
72.228310
72.691475
73.139206
78.450966
83.745125
84.140045
89.394638
84.868370
80.322357
80.638298
80.936760
81.217758
81.481293
81.727386
86.835495
87.044495
87.233849
87.403564
87.553627
87.684036
87.794800
87.885902
87.957336
92.888535
97.797829
92.924088
92.907845
92.869644
92.809464
92.727280
92.623062
92.496796
92.348450
92.177994
91.985390
91.770607
91.533607
86.394913
86.115585
85.816147
85.496536
85.156731
84.796669
84.416306
84.015587
78.715019
73.396210
72.940758
72.469177
71.981384
71.477348
70.956985
70.420235
69.867035
69.297302
68.710983
68.108009
67.488297
66.851776
61.318924
60.650772
59.967812
59.269947
58.557106
57.829208
57.086166
56.327896
55.554321
54.765347
53.960892
53.140869
52.305191
56.333210
55.463730
54.576107
53.670246
52.746059
51.803452
50.842339
49.862617
53.743645
52.724220
46.804253
45.744759
44.666191
38.689022
32.694817
36.444595
35.297710
43.892403
57.344704
61.009518
64.643433
68.244133
42.532650
16.796654
15.444386
-0.559802
-6.812111
-22.828190
-33.963120
-40.212555
-46.453793
-47.805256
-39.387573
-30.964153
-17.660067
-18.999832
-15.465734
-16.818960
-18.180134
-19.549324
-20.926596
-22.312014
-23.705641
-25.107536
-26.517761
-18.177475
-0.091173
42.370552
109.187675
190.570206
159.614777
-3.183107
-205.040771
-548.335571
-949.961670
-1312.148193
-1424.914673
-1283.330811
-1019.205872
-549.709290
-328.842621
-215.201721
-130.766678
-134.128571
-88.660751
-106.610474
-105.018333
-39.969353
-18.840200
2.275219
13.609108
15.157019
16.677811
18.171476
19.637997
25.956804
27.366789
23.867935
20.341908
26.549816
27.851103
29.125216
30.372162
26.712502
23.027910
24.200056
25.349510
26.476286
27.580395
28.661858
29.720692
30.756918
31.770552
32.761620
33.730145
34.676155
35.599663
36.500713
37.379318
43.114960
43.946556
49.633034
50.413300
51.166847
51.893700
47.714447
48.390236
49.041656
44.789299
45.394310
45.977276
46.538239
42.197792
37.837635
38.339478
33.944454
29.534285
29.990660
20.675293
16.230991
6.901124
-2.430383
-11.759054
-16.200966
-20.633307
-10.415482
-9.949120
0.283598
5.639937
15.876601
21.230301
21.698845
27.041168
32.375637
37.700062
43.012264
48.310055
48.711803
49.096989
49.465633
54.697231
55.030697
55.345505
55.641685
55.919273
56.178295
56.418777
56.640759
61.723701
61.906525
62.068707
62.210270
62.331238
62.431641
62.511501
62.570843
62.609692
62.628067
62.625992
57.724037
57.683342
57.624477
57.547470
52.572884
47.582401
47.457710
47.319382
47.167431
47.001869
46.822716
46.629990
41.544243
41.326614
41.097664
40.857403
40.605839
40.342987
40.068851
39.783447
39.486774
39.178844
38.859661
38.529236
38.187572
37.834671
37.470543
37.095184
36.708603
36.310802
35.901783
35.481548
35.050098
34.607433
29.274111
28.811241
28.339378
27.858521
27.368668
26.869820
26.361975
25.845133
25.319290
24.784445
24.240597
23.687740
28.005322
32.311672
31.725126
36.004570
35.388893
34.757534
34.110493
33.447773
32.769371
27.195833
26.488277
20.887808
25.034979
24.289240
23.530029
27.636801
26.848440
26.044397
25.224674
29.268717
28.415426
37.303135
51.047970
55.004940
58.930721
57.943668
27.646553
2.208824
1.159372
-9.657907
-10.720778
-26.426451
-37.250473
-38.308937
-39.360722
-40.405807
-31.685276
-22.962439
-9.362266
-10.409172
-6.585350
-7.651880
-8.729286
-9.817538
-10.916603
-12.026443
-13.147022
-14.278300
-15.420237
-1.934454
21.292995
64.009949
135.955353
168.783783
99.046936
-82.982941
-308.911407
-622.551392
-1018.881226
-1302.543335
-1336.784302
-1155.744873
-827.819397
-421.468567
-273.558289
-193.856812
-153.122879
-151.374222
-91.021889
-89.199142
-67.834816
-12.299387
4.191107
25.545065
32.235893
34.020321
35.777855
37.508560
39.212509
45.769192
47.417595
49.037220
50.628143
57.069870
58.601379
60.102177
61.572350
63.011963
64.421104
65.799835
67.148254
68.466423
69.754433
71.012344
72.240257
73.438240
74.606377
75.744736
76.853416
77.932472
74.102562
70.245415
71.242783
77.094727
78.040230
83.838257
89.607216
95.344971
96.169922
96.961594
102.599495
103.322609
99.130989
99.785835
100.407745
100.996803
101.553093
97.197205
92.810898
88.396431
83.956123
79.492210
65.248116
60.748325
51.356789
41.957436
27.675325
23.155499
23.520786
33.650677
34.023003
44.155586
49.405704
59.530060
64.765373
65.109451
70.321228
75.519073
80.700806
80.984772
81.250465
81.497902
76.847672
72.181450
77.260376
77.443909
82.490959
87.519875
87.649002
87.757813
87.846298
87.914482
87.962349
83.110474
83.119965
83.111374
83.084702
83.039932
82.977074
82.896111
82.797043
82.679840
82.544495
77.511551
77.342102
77.156677
76.955254
76.737808
76.504311
76.254745
75.989067
75.707253
75.409271
75.095078
74.764641
69.538483
69.177658
68.802689
68.413521
68.010117
67.592430
67.160400
66.713989
66.253143
65.777786
65.287888
64.783379
64.264198
63.730289
63.181587
62.618027
62.039543
61.446075
60.837555
60.213905
59.575066
58.920959
53.372066
52.689430
51.993523
51.284279
50.561607
49.825447
49.075706
48.312317
52.414635
51.621471
50.812191
45.107269
39.388283
38.536816
37.673340
36.797771
35.910023
39.889458
38.974876
38.045643
41.981117
41.020103
40.041954
39.046593
42.913368
37.001656
40.831352
54.400166
58.183571
61.938152
60.782158
30.318291
4.715895
3.503768
-7.474287
-8.696128
-24.559059
-35.538723
-36.751305
-37.955788
-39.152225
-30.581818
-22.007961
-8.555726
-9.749619
-6.071930
-7.283837
-8.505961
-9.738369
-10.981123
-12.234283
-13.497911
-14.772064
-16.056797
-2.713827
20.370693
62.944504
129.867035
157.674362
58.523155
-152.903931
-388.681458
-712.135742
-1084.084839
-1343.338135
-1343.394897
-1128.170166
-819.747864
-432.905975
-284.983948
-205.267822
-164.516510
-162.747772
-102.372772
-100.524879
-79.133011
-23.567741
-7.045211
14.342894
21.069881
22.892391
24.689835
26.462177
28.209400
34.810925
36.505611
38.172890
39.812737
46.304577
47.887287
49.440292
50.963585
52.457146
53.920967
55.355034
56.759338
58.133873
59.478626
60.793594
57.199326
53.577473
54.809696
56.016556
57.198040
58.354145
59.484863
60.590195
61.670132
67.604134
68.631050
74.509811
75.479279
76.418900
77.328659
78.208572
83.938072
84.756050
80.662498
81.418510
82.144653
82.840912
83.507278
79.264305
74.993652
70.697525
66.378143
62.037712
47.919559
43.548100
34.287212
25.020769
15.753198
16.247810
16.745701
27.005743
27.505699
37.763329
38.256397
43.623211
48.982086
49.451332
54.789810
60.115841
65.427170
65.842094
66.240036
66.620964
66.984848
67.331642
72.540764
72.851067
73.141960
73.413406
73.665344
73.897751
74.110580
74.303787
79.356766
79.508354
79.637962
79.745529
79.831017
79.894356
79.935501
79.954391
79.950981
79.925201
79.876991
74.926857
74.835838
74.724434
74.592575
74.440186
74.267212
74.073586
68.979782
63.867409
63.618046
63.352180
63.069740
57.891205
57.577602
57.249416
56.906563
56.548965
56.176544
55.789215
55.386890
54.969498
54.536942
54.089142
53.626007
53.147453
52.653397
52.143742
51.618401
51.077278
50.520294
49.947346
49.358345
48.753201
48.131813
42.614655
41.962730
41.296509
40.615883
39.920769
39.211071
38.486687
37.747524
36.993484
31.345028
30.563168
29.768364
28.960520
28.139540
27.305326
26.457787
25.596825
24.722345
23.834255
27.811905
26.894093
21.080721
20.132813
19.170826
18.194675
17.204266
21.078959
20.057552
28.778294
42.357220
46.149239
49.910954
48.760612
18.300903
-7.298815
-13.389188
-29.244740
-30.461666
-46.316708
-52.406052
-48.727551
-49.921822
-51.109489
-42.531734
-33.951935
-20.495159
-21.685898
-18.006430
-19.217918
-25.320415
-31.432306
-32.671974
-33.918903
-30.293697
-26.678059
-23.074238
-4.846159
32.876717
90.076614
108.173523
87.158546
-36.392231
-272.182251
-546.913269
-909.255493
-1173.625732
-1325.265747
-1261.638672
-982.773132
-713.250122
-365.361786
-232.032471
-166.938721
-126.194412
-124.455658
-78.771889
-91.631447
-70.318230
-14.841106
-8.175068
3.351564
9.975466
11.694424
13.387892
15.055876
16.698399
23.194918
24.784342
26.346140
23.000885
24.509716
25.993214
27.451414
28.884342
30.292032
31.674520
33.031841
34.364040
35.671150
36.953213
38.210274
39.442371
40.649555
41.831871
42.989361
44.122086
45.230080
46.313404
47.372108
48.406239
54.295288
55.278214
61.113949
62.041443
62.940197
63.810265
64.651695
70.343987
71.126099
66.998077
67.721100
68.415764
69.082138
69.720268
65.450768
61.155365
56.836334
52.495953
48.136490
34.001343
29.614994
20.341391
11.064466
1.788716
2.277524
2.772051
13.031240
13.532922
23.794928
29.174528
39.428448
44.793400
45.267212
50.608826
55.936611
61.248405
61.662575
62.058613
62.436562
62.796459
63.138344
68.341705
68.645470
68.929115
69.192688
74.315659
79.416382
79.613258
79.785751
79.933876
75.178238
75.279961
75.359634
75.417282
75.452942
70.587173
65.701683
65.678146
65.637131
65.578674
60.623344
65.411705
70.182671
70.054596
69.906929
64.860245
59.796215
59.596516
59.381710
59.151810
58.906818
58.646740
53.492142
53.204128
52.903259
52.589546
52.262974
56.802994
61.327942
60.956146
60.567055
60.160652
59.736942
59.295914
58.837559
58.361874
57.868847
57.358463
56.830723
56.285603
55.723095
55.143185
54.545868
53.931118
48.419479
47.772041
47.109356
46.431396
45.738152
45.029594
49.185158
48.443718
47.684700
46.908077
46.113842
45.301964
44.472435
43.625221
47.639759
46.754921
40.970680
40.048130
39.107811
38.149693
37.173767
41.059452
40.045624
48.770607
62.350491
66.140266
69.896599
68.737793
38.266617
12.652489
11.424277
0.425853
-0.820575
-16.712242
-27.724720
-28.974129
-30.219370
-31.460445
-22.938473
-14.416783
-1.020375
-2.273688
1.341059
0.062757
-1.229143
-2.534637
-3.853720
-5.186380
-6.532610
-7.892394
-9.265718
3.985767
26.975981
69.452744
136.275513
139.583298
30.579409
-180.928391
-431.411865
-754.913818
-1136.649414
-1347.111694
-1308.134155
-1097.805176
-765.015015
-392.865112
-269.411285
-194.651794
-149.102142
-137.661697
-77.384354
-75.644470
-54.370930
-3.813677
2.813444
19.182142
25.768011
27.448315
29.102537
30.730715
32.332893
38.788551
40.336639
41.856636
43.348602
49.692024
51.125835
52.529556
53.903214
50.367439
46.803947
48.094456
49.359573
50.599358
51.813881
53.003193
54.167339
55.306404
56.420444
62.388950
68.330338
69.362991
70.366417
71.340683
72.285851
73.201981
69.209686
74.949593
75.781197
76.584015
77.358101
78.103523
83.699776
84.385818
80.161705
80.788620
81.387154
81.957375
77.619904
68.377007
63.992073
59.587936
55.166866
50.731133
36.524124
32.070328
22.733685
18.277563
13.824791
14.257080
14.695026
24.897568
25.342525
35.547718
40.870415
51.067326
56.375145
56.791702
62.075916
67.346153
72.600235
72.956512
73.294464
73.614113
73.915497
74.198624
79.342964
79.587440
79.811508
80.015175
80.198471
80.361412
80.503998
80.626251
85.607620
85.687012
85.743866
80.898743
76.033325
76.029259
76.007118
80.846336
85.665245
85.582184
85.476578
80.468979
80.320496
80.151665
79.962479
79.752914
79.522972
79.272621
79.001846
78.710625
78.398949
78.066780
77.714096
72.461441
72.069870
71.659927
71.231583
70.784805
70.319550
69.835800
69.333504
68.812637
68.273163
67.715034
67.138214
66.542656
65.928329
65.295181
64.643166
63.972240
63.282364
62.573486
61.845551
61.098518
60.332344
54.667515
53.865101
48.166161
47.331749
46.482368
45.617966
44.738491
43.843880
42.934090
42.009056
41.068726
44.992489
44.019180
38.148746
37.142239
36.120155
35.082443
34.029041
37.839348
36.752190
45.405846
58.916389
62.638763
66.329590
65.107147
34.574154
8.900002
7.613515
-3.441472
-4.742785
-20.687704
-31.751829
-33.051323
-34.345131
-35.633282
-27.156937
-18.679464
-5.325899
-11.500164
-12.802852
-14.113441
-15.431970
-16.758467
-18.092964
-19.435490
-20.786072
-17.265287
-13.754825
-0.498034
22.498407
64.982285
131.813034
159.526825
74.918617
-112.214951
-338.356750
-676.596436
-1073.106812
-1347.168579
-1371.792236
-1176.243042
-858.198853
-447.080505
-284.635590
-195.277435
-135.130981
-133.499512
-83.035248
-91.108215
-79.642830
-24.246319
-12.773116
3.566793
10.128420
11.788994
13.427969
15.045345
16.641144
23.094818
24.645273
26.171974
27.674934
34.033623
35.486950
36.914383
38.315948
39.691673
41.041580
42.365707
43.664070
44.936714
46.183662
47.404953
48.600613
49.770687
50.915199
52.034195
53.127701
54.195766
55.238422
56.255699
57.247643
63.093739
64.032913
69.824104
70.706223
71.558777
72.381790
73.175308
78.818817
79.551239
75.372627
76.044113
76.686302
77.299240
73.003502
63.801369
59.456192
55.090786
50.707409
46.308319
32.136879
27.717566
18.414299
9.110996
-0.187873
5.160500
10.515593
20.754658
21.234949
31.474281
36.829895
42.179047
42.640099
43.092518
48.415768
53.728210
59.027641
64.311859
69.578667
69.946411
70.294563
65.743675
66.054886
66.348747
66.625282
71.763939
76.883064
77.101006
77.297203
77.471664
82.503845
82.632629
82.737465
82.818344
82.875282
82.908272
82.917305
78.022926
73.106796
73.050583
72.974815
68.000053
67.887383
67.757355
67.609940
67.445145
67.262939
67.063309
66.846230
66.611679
66.359650
66.090103
65.803024
60.618935
60.298927
59.963524
59.612694
59.246407
58.864635
58.467346
58.054504
57.626080
57.182030
56.722324
56.246918
55.755783
55.248875
54.726151
54.187572
53.633106
53.062698
52.476311
51.873894
51.255413
50.620819
45.090618
44.425877
43.747101
43.054245
42.347256
46.505535
45.767925
45.013817
44.243168
43.455925
42.652039
41.831455
40.994129
45.019455
44.146275
38.374538
37.465302
36.539074
35.595806
34.635445
38.537392
37.540485
46.283016
59.881050
63.689552
67.465141
66.326111
35.875191
10.281768
9.074682
-1.902224
-3.126772
-18.996227
-29.986189
-31.212809
-32.435013
-33.652840
-25.107433
-11.682704
6.614653
5.378503
9.006047
2.856701
-3.308450
-4.607762
-5.920705
-7.247296
-8.587553
-9.941488
-11.309118
1.947884
24.943407
67.425232
134.252838
166.841812
87.105484
-109.800072
-345.714935
-674.206482
-1060.969849
-1339.928467
-1369.452026
-1188.562744
-885.172852
-474.058136
-311.604553
-222.225372
-162.045502
-150.609436
-90.332634
-88.589561
-67.309082
-11.861738
-0.343054
16.036989
22.633411
24.323450
25.986567
27.622774
29.232105
35.694008
37.247421
38.771793
40.267162
46.613007
48.048241
44.572899
41.068684
42.417290
43.739311
49.914223
56.060417
57.296257
58.501232
59.675385
60.818748
61.931377
63.013321
64.064613
65.085297
66.075432
67.035057
67.964226
68.862976
69.731369
65.690002
71.379478
72.159286
77.788368
83.385132
84.067924
89.595711
90.207420
85.903107
86.443924
86.950485
87.422829
82.981575
73.628975
69.128426
64.602730
60.054161
55.484997
41.138603
36.539471
27.051517
17.558691
8.065464
3.455764
-1.147586
8.896008
9.184921
19.236973
24.409430
34.459000
39.622391
39.897419
45.043011
50.177536
55.298805
55.525185
55.736164
55.931755
56.112000
56.276917
61.305988
61.438122
61.552803
61.650040
61.729870
61.792305
61.837379
61.865101
66.754936
66.745804
66.717163
66.669022
66.601410
66.514336
66.407814
66.281853
66.136475
70.851128
75.544159
70.454468
70.222618
65.089737
59.937477
59.647522
59.340427
59.016193
58.674835
58.316341
57.940723
57.547974
57.138100
51.831650
51.389729
55.812344
60.217819
59.724491
59.211800
53.800289
48.371620
47.807453
47.228336
46.634258
46.025215
45.401196
44.762184
44.108185
43.439175
42.755146
42.056091
41.342007
40.612869
39.868664
34.229946
33.457809
37.552238
36.752113
35.936867
35.106487
34.260963
33.400284
32.524433
31.633406
30.727184
34.685204
33.746349
27.910606
26.939074
25.952299
24.950274
23.932987
27.779882
21.850393
25.664513
39.220024
42.992470
51.617981
55.333214
24.859280
-0.754943
-1.980574
-12.973726
-14.212177
-30.093147
-41.092190
-42.325413
-43.551697
-44.771034
-36.224518
-27.675468
-14.248864
-15.469128
-11.818460
-13.057952
-14.308134
-15.568983
-16.840473
-18.122574
-19.415258
-20.718491
-26.911682
-18.474792
-10.050558
17.874405
114.081284
171.177933
125.704994
-32.076408
-233.782959
-523.238586
-973.503967
-1311.125977
-1418.844482
-1311.249268
-978.630066
-567.520996
-390.393188
-281.425171
-230.906876
-219.342712
-134.509796
-108.190842
-86.723007
-31.079529
-14.476463
6.994598
13.807060
15.717655
17.605888
19.471832
21.315548
28.016552
29.813808
31.586838
33.335709
39.939949
46.517967
53.067627
54.707344
56.316631
57.895584
59.444290
60.962807
62.451256
63.909698
65.338226
71.616364
77.862549
79.195206
80.493843
81.758575
82.989471
84.186630
85.350136
86.480080
92.455986
93.516853
99.421646
105.288765
111.116112
112.022095
112.886246
118.588097
119.366623
115.221901
115.915131
116.566963
117.177460
117.746712
113.395363
109.005142
104.578354
100.117294
95.624268
76.463226
67.040359
57.601276
48.150490
33.813068
29.234079
29.536354
39.599411
35.021645
40.202568
45.381130
55.434612
60.599739
60.874359
66.017403
71.147263
76.261780
76.479317
76.679375
76.862000
77.027237
77.175125
82.185135
82.296227
82.387863
82.460075
82.512894
82.546364
82.560501
82.555336
87.410339
87.364410
87.297050
87.208237
87.098030
86.966415
86.813416
86.639053
86.443321
86.226242
90.867264
90.605286
90.319756
90.010666
89.678040
89.321854
88.942116
88.538826
88.111961
87.661530
87.187515
86.689911
86.168701
80.744431
80.178192
79.590523
78.981415
78.350830
77.698761
77.025177
76.330063
75.613396
69.995697
64.358620
63.583786
62.791721
61.982407
61.155796
60.311867
59.450588
58.571915
57.675827
56.762276
55.831230
59.762093
58.793724
57.805531
56.797466
50.890053
49.844353
48.780888
47.699615
46.600491
45.483482
44.348541
43.195625
42.024696
45.715164
44.505867
38.396774
37.148949
35.882904
39.478046
43.052677
46.604534
45.251915
48.753674
57.107552
60.550186
63.958775
62.451611
31.631435
5.667658
4.089125
-7.260309
-8.858451
-25.102551
-36.468193
-38.071518
-39.671432
-41.267963
-33.102230
-24.937582
-11.899026
-13.511013
-10.255772
-11.894421
-13.547522
-15.215076
-16.897085
-18.593546
-20.304455
-22.029804
-23.769583
-6.005999
21.493202
63.594170
130.035828
142.716034
43.074787
-163.964020
-409.994904
-733.942383
-1116.142090
-1356.363770
-1347.151001
-1151.940430
-834.253967
-447.909698
-310.246765
-231.029037
-181.015259
-165.107025
-100.360413
-99.031464
-78.169563
-23.145203
-12.053871
3.894508
10.054993
11.304871
12.523655
13.711414
14.868217
20.873592
21.966507
18.147045
14.296951
20.177425
21.148006
26.967674
32.754868
33.628014
34.466660
35.270920
36.040886
36.776688
37.478424
38.146210
38.780170
34.500969
30.190403
30.730259
31.241211
31.723389
32.176937
32.601971
32.998627
38.246494
38.584595
43.771973
44.047634
44.291187
44.502769
44.682529
49.710060
49.824413
45.025730
40.195827
35.337093
35.331341
30.419834
20.604965
15.650211
10.678520
5.692280
0.693863
-14.073223
-19.084377
-28.975544
-33.983219
-38.984459
-39.097431
-39.201405
-29.537312
-29.627199
-19.953112
-15.157646
-5.483955
-0.695183
-0.793377
3.980541
8.745083
13.498215
13.358456
13.205433
13.039341
12.860355
7.789227
7.587250
7.375168
7.153175
11.800907
16.436890
16.179653
15.908840
10.745193
10.450024
10.144085
9.827564
9.500668
9.163589
13.695984
18.216377
17.843311
17.456436
17.055946
16.642056
11.335518
10.897652
10.449215
9.990417
9.521465
9.042568
8.553932
8.055775
7.548306
7.031731
6.506271
5.972134
0.550087
0.001461
-5.432419
-10.869667
-11.428413
-11.987877
-12.547844
-13.108093
-13.668402
-14.228552
-14.788322
-15.347490
-15.905834
-16.463131
-17.019157
-17.573685
-18.126488
-18.677345
-19.226025
-19.772301
-20.315945
-20.856731
-26.273872
-26.806030
-27.332420
-27.852806
-28.366959
-28.874645
-29.375635
-29.869690
-30.356575
-30.836056
-31.307894
-31.771856
-32.227707
-32.675201
-33.114105
-33.544182
-33.965195
-34.376892
-34.779037
-35.171387
-30.674263
-31.048529
-31.414494
-26.892473
-27.243328
-27.587368
-18.165457
-8.740681
-4.196682
0.344017
0.000000
