   6.3658061e-01
   4.2662061e-01
   2.7891061e-01
   3.2530061e-01
   1.2510561e-01
  -4.0910389e-02
   1.2754661e-01
   6.9029061e-01
   9.0025061e-01
   7.7940061e-01
   7.3668061e-01
   1.0881906e+00
   1.2298906e+00
   1.2798906e+00
   1.6423906e+00
   1.6729906e+00
   1.2786906e+00
   1.0466906e+00
   9.0269061e-01
   5.6090061e-01
   2.3131061e-01
  -7.8749389e-02
  -6.3782939e-01
  -1.3654094e+00
  -2.1149094e+00
  -2.3236094e+00
  -2.2846094e+00
  -2.0673094e+00
  -1.9013094e+00
  -1.5289094e+00
  -9.5277939e-01
  -6.5736939e-01
  -4.5228939e-01
  -6.1585939e-01
  -4.2908939e-01
  -3.6805939e-01
   7.8718611e-02
   2.9844061e-01
   3.6558061e-01
   4.9010061e-01
   7.5377061e-01
   9.9669061e-01
   1.1284906e+00
   1.1309906e+00
   9.7716061e-01
   1.1248906e+00
   1.3860906e+00
   1.7778906e+00
   1.9353906e+00
   2.1087906e+00
   2.2930906e+00
   2.4724906e+00
   2.2344906e+00
   1.8718906e+00
   1.4153906e+00
   1.1297906e+00
   1.1345906e+00
   1.2359906e+00
   1.1260906e+00
   1.1345906e+00
   1.1321906e+00
   1.3530906e+00
   1.6790906e+00
   1.7058906e+00
   1.7022906e+00
   1.8096906e+00
   1.6094906e+00
   1.3237906e+00
   8.4776061e-01
   3.2652061e-01
   2.4107061e-01
   2.7403061e-01
   1.7882061e-01
   3.3140061e-01
   4.4493061e-01
   3.1065061e-01
   8.3601611e-02
   1.0359611e-02
  -1.3123939e-01
  -6.9886939e-01
  -1.1237094e+00
  -1.4240094e+00
  -1.7645094e+00
  -2.0209094e+00
  -2.2089094e+00
  -2.4506094e+00
  -2.7081094e+00
  -2.9230094e+00
  -3.1598094e+00
  -3.2916094e+00
  -3.2929094e+00
  -3.3868094e+00
  -3.4552094e+00
  -3.5455094e+00
  -3.7299094e+00
  -3.8568094e+00
  -3.8739094e+00
  -3.9691094e+00
  -4.0118094e+00
  -4.0143094e+00
  -3.8702094e+00
  -3.6908094e+00
  -3.4796094e+00
  -3.2611094e+00
  -3.1683094e+00
  -3.1354094e+00
  -2.9791094e+00
  -2.7203094e+00
  -2.4432094e+00
  -1.9745094e+00
  -1.6522094e+00
  -1.2640094e+00
  -1.0516094e+00
  -1.0065094e+00
  -9.3201939e-01
  -8.2337939e-01
  -8.0506939e-01
  -8.2703939e-01
  -1.1395094e+00
  -1.5631094e+00
  -2.1893094e+00
  -2.8131094e+00
  -3.1415094e+00
  -3.1439094e+00
  -2.9633094e+00
  -2.8070094e+00
  -2.2394094e+00
  -1.1969094e+00
  -1.7518939e-01
   7.3179061e-01
   1.5300906e+00
   2.3906906e+00
   3.3977906e+00
   4.3145906e+00
   5.1580906e+00
   5.8550906e+00
   6.4373906e+00
   6.6985906e+00
   6.5569906e+00
   6.3274906e+00
   6.0930906e+00
   5.7720906e+00
   5.6475906e+00
   5.6157906e+00
   5.5022906e+00
   5.1445906e+00
   4.9761906e+00
   5.0042906e+00
   4.8101906e+00
   4.6306906e+00
   4.4524906e+00
   4.0117906e+00
   3.5332906e+00
   3.3257906e+00
   3.3086906e+00
   3.2634906e+00
   3.0559906e+00
   2.7129906e+00
   2.3601906e+00
   2.2051906e+00
   2.0366906e+00
   1.8438906e+00
   1.5423906e+00
   1.4434906e+00
   1.2944906e+00
   1.0430906e+00
   6.7686061e-01
   4.7056061e-01
   1.0435361e-01
  -2.3255939e-01
  -5.6336939e-01
  -7.5867939e-01
  -1.1530094e+00
  -1.1871094e+00
  -1.3068094e+00
  -1.6901094e+00
  -2.2504094e+00
  -2.6984094e+00
  -2.9205094e+00
  -3.1256094e+00
  -3.1830094e+00
  -3.4686094e+00
  -3.6530094e+00
  -3.3698094e+00
  -2.9694094e+00
  -2.7338094e+00
  -2.2980094e+00
  -1.7597094e+00
  -1.3055094e+00
  -8.6610939e-01
  -5.8656939e-01
  -2.3621939e-01
   3.7779061e-01
   7.4644061e-01
   9.4908061e-01
   1.4153906e+00
   1.7473906e+00
   1.9402906e+00
   2.0391906e+00
   2.1099906e+00
   2.0183906e+00
   1.8975906e+00
   1.6301906e+00
   1.2041906e+00
   8.5020061e-01
   4.8399061e-01
   1.7515061e-01
  -4.3519939e-01
  -9.4910939e-01
  -1.1920094e+00
  -1.4472094e+00
  -1.7059094e+00
  -1.9049094e+00
  -2.1539094e+00
  -2.2858094e+00
  -2.3456094e+00
  -2.4811094e+00
  -2.6935094e+00
  -2.6666094e+00
  -2.4567094e+00
  -2.2003094e+00
  -2.1185094e+00
  -2.1381094e+00
  -2.2235094e+00
  -2.0502094e+00
  -1.6193094e+00
  -1.1981094e+00
  -9.5887939e-01
  -8.2581939e-01
  -3.9124939e-01
   1.2266361e-01
   5.4259061e-01
   8.0015061e-01
   9.2100061e-01
   9.5518061e-01
   8.2213061e-01
   6.4268061e-01
   4.5103061e-01
   1.4342061e-01
   6.5290611e-02
   9.0925611e-02
   2.1345711e-02
   8.1160611e-02
   1.2144361e-01
   6.8953611e-02
  -7.8749389e-02
  -6.1662389e-02
  -7.3869389e-02
  -3.5950939e-01
  -5.9876939e-01
  -7.5013939e-01
  -9.1126939e-01
  -1.2128094e+00
  -1.3861094e+00
  -1.1823094e+00
  -1.0858094e+00
  -1.1713094e+00
  -1.2030094e+00
  -8.8685939e-01
  -5.4871939e-01
  -3.5340939e-01
  -2.7528939e-01
  -7.7529389e-02
   2.3787111e-02
   6.1628611e-02
   4.8201611e-02
   2.9890611e-02
   8.9704611e-02
   6.2849611e-02
   1.7683611e-02
   5.9187611e-02
  -4.5793389e-02
  -2.8260939e-01
  -3.5340939e-01
  -4.0223939e-01
  -3.6439939e-01
  -4.7059939e-01
  -2.5574939e-01
   1.3121061e-01
   5.6456061e-01
   7.4766061e-01
   9.4298061e-01
   1.2505906e+00
   1.1199906e+00
   1.1565906e+00
   9.3199061e-01
   5.2550061e-01
   1.0313261e-01
   2.9890611e-02
   1.7515061e-01
   1.3487061e-01
  -3.0683888e-03
  -1.3367939e-01
  -1.4832939e-01
  -5.2552939e-01
  -9.0516939e-01
  -5.5604939e-01
  -3.2044939e-01
  -1.8937389e-02
   1.6783061e-01
   3.2652061e-01
   5.4381061e-01
   7.7574061e-01
   6.8297061e-01
   4.4371061e-01
   1.9835061e-01
   1.6462611e-02
   1.7683611e-02
   3.5994111e-02
   1.0359611e-02
  -1.8128939e-01
  -2.3499939e-01
  -1.6175939e-01
  -2.8382939e-01
  -4.7669939e-01
  -7.3304939e-01
  -9.6864939e-01
  -1.1615094e+00
  -8.5023939e-01
  -3.9613939e-01
  -3.0701939e-01
  -1.4222939e-01
   3.3751061e-01
   7.3057061e-01
   8.5264061e-01
   9.2711061e-01
   9.6983061e-01
   8.8316061e-01
   8.8560061e-01
   8.8927061e-01
   7.6109061e-01
   5.9874061e-01
   7.9283061e-01
   1.0344906e+00
   1.2652906e+00
   1.4580906e+00
   1.4495906e+00
   1.1931906e+00
   9.9425061e-01
   8.0748061e-01
   7.3790061e-01
   5.0230061e-01
   2.1910061e-01
  -1.2834389e-02
  -1.1781939e-01
  -2.2156939e-01
  -2.3499939e-01
  -6.7303888e-03
   1.3975061e-01
   3.4849061e-01
   4.2052061e-01
   5.7677061e-01
   5.4625061e-01
   4.2296061e-01
   2.4107061e-01
   4.5759611e-02
  -1.1292939e-01
  -1.3245939e-01
  -1.6785939e-01
  -1.8494939e-01
  -1.1536939e-01
  -2.7650939e-01
  -5.2308939e-01
  -5.0233939e-01
  -4.6448939e-01
  -4.3763939e-01
  -5.5238939e-01
  -6.8055939e-01
  -4.8157939e-01
  -4.6571939e-01
  -5.0355939e-01
  -3.5218939e-01
  -3.3586389e-02
   3.2530061e-01
   5.2672061e-01
   7.4400061e-01
   9.3809061e-01
   1.0064506e+00
   1.1126906e+00
   1.2932906e+00
   1.1577906e+00
   8.9781061e-01
   5.4991061e-01
   1.8858061e-01
  -1.4466939e-01
  -2.7283939e-01
  -2.1302939e-01
  -1.3978939e-01
  -2.5697939e-01
  -2.1302939e-01
  -3.9979939e-01
  -4.4617939e-01
  -3.3021939e-01
  -3.5584939e-01
  -5.7801939e-01
  -5.4017939e-01
  -3.1190939e-01
  -2.4842939e-01
  -3.7248389e-02
   2.8669911e-02
   1.1045661e-01
   4.5225061e-01
   8.4532061e-01
   1.0698906e+00
   1.2505906e+00
   1.1968906e+00
   1.0723906e+00
   8.6119061e-01
   6.0484061e-01
   6.1461061e-01
   5.1207061e-01
   4.0343061e-01
   2.1300061e-01
  -1.8372939e-01
  -5.9632939e-01
  -8.2215939e-01
  -9.6864939e-01
  -8.7586939e-01
  -7.2816939e-01
  -4.1810939e-01
  -2.6063939e-01
  -1.5565939e-01
  -1.3245939e-01
  -8.9739389e-02
  -8.3639389e-02
  -3.3586389e-02
   5.3083611e-02
   1.8614061e-01
   1.0191161e-01
   1.8370061e-01
   2.5084061e-01
   4.0876611e-02
  -1.8372939e-01
  -2.5086939e-01
  -6.1951939e-01
  -8.5389939e-01
  -1.0394094e+00
  -1.1713094e+00
  -1.1920094e+00
  -1.2299094e+00
  -8.7098939e-01
  -3.9979939e-01
   1.2632661e-01
   5.9019061e-01
   9.2100061e-01
   1.1089906e+00
   1.3469906e+00
   1.5215906e+00
   1.5203906e+00
   1.0320906e+00
   5.7066061e-01
   5.2794061e-01
   4.9376061e-01
   6.3536061e-01
   9.9669061e-01
   1.3945906e+00
   1.7486906e+00
   2.0195906e+00
   2.1929906e+00
   2.1123906e+00
   2.0269906e+00
   1.8425906e+00
   1.5325906e+00
   1.1821906e+00
   9.8936061e-01
   7.4034061e-01
   4.9010061e-01
   3.1187061e-01
   7.9939611e-02
  -2.7528939e-01
  -6.3660939e-01
  -8.9295939e-01
  -1.1932094e+00
  -1.3129094e+00
  -1.5082094e+00
  -1.6925094e+00
  -1.9989094e+00
  -2.2601094e+00
  -2.5104094e+00
  -2.6434094e+00
  -2.8278094e+00
  -2.9266094e+00
  -2.8534094e+00
  -2.5299094e+00
  -2.3847094e+00
  -2.0563094e+00
  -1.7951094e+00
  -1.5570094e+00
  -1.1456094e+00
  -7.3182939e-01
  -4.3031939e-01
  -2.5574939e-01
  -3.3143939e-01
  -2.0203939e-01
  -1.9959939e-01
  -1.7762939e-01
  -3.0457939e-01
  -4.1077939e-01
  -3.5462939e-01
  -3.4486939e-01
