   1.6339311e-01
   4.3768913e-02
  -7.5008866e-03
   3.4003113e-02
  -5.0226887e-02
  -1.1980689e-01
  -7.7076887e-02
  -1.5764689e-01
  -1.1369689e-01
  -3.9238887e-02
   2.3908311e-01
   6.9074311e-01
   7.4079311e-01
   6.7243311e-01
   3.6969311e-01
   2.1344311e-01
   1.5241311e-01
   2.9120113e-02
  -9.3035689e-01
  -1.9972069e+00
  -2.6540069e+00
  -2.9091069e+00
  -2.8298069e+00
  -2.5099069e+00
  -2.1230069e+00
  -1.5810069e+00
  -6.8010689e-01
   1.2433511e-01
   1.1142931e+00
   1.7258931e+00
   2.1567931e+00
   2.0151931e+00
   1.3706931e+00
   5.4059311e-01
  -8.0746887e-02
  -5.8855689e-01
  -1.1147069e+00
  -1.9997069e+00
  -2.9042069e+00
  -3.4950069e+00
  -3.2009069e+00
  -2.4025069e+00
  -1.4174069e+00
  -7.0329689e-01
  -1.5520689e-01
  -9.2946887e-02
  -2.7605689e-01
  -4.0666689e-01
  -5.8244689e-01
  -7.5212689e-01
  -6.4592689e-01
  -7.2771689e-01
  -8.1316689e-01
  -1.0671069e+00
  -1.1879069e+00
  -1.0988069e+00
  -7.3625689e-01
  -4.4573689e-01
  -4.6282689e-01
  -9.9020689e-01
  -8.0828689e-01
  -5.6902689e-01
  -3.7859689e-01
  -5.8855689e-01
  -6.1296689e-01
  -4.2864689e-01
  -4.6770689e-01
  -4.3474689e-01
  -4.2864689e-01
  -3.8388866e-03
   4.8444311e-01
   4.9543311e-01
   3.3063311e-01
   6.0529311e-01
   8.4211311e-01
   5.5890311e-01
   6.0858713e-02
  -2.0281689e-01
  -2.8826689e-01
  -3.2366689e-01
  -4.0422689e-01
  -5.2995689e-01
  -6.9475689e-01
  -5.5315689e-01
  -7.3416887e-02
   1.1945211e-01
   1.7804311e-01
   2.1222311e-01
   5.8332311e-01
   9.5197311e-01
   8.8117311e-01
   6.3703311e-01
   6.0529311e-01
   7.4933311e-01
   7.0050311e-01
   8.3356311e-01
   1.3938931e+00
   1.9455931e+00
   2.1518931e+00
   1.7636931e+00
   1.5598931e+00
   1.2229931e+00
   6.6755311e-01
   2.9523311e-01
   2.4762311e-01
   2.8913311e-01
   3.2209311e-01
   4.2340311e-01
   4.9543311e-01
   5.2228311e-01
   3.0133311e-01
   7.9084311e-01
   9.7394311e-01
   7.9938311e-01
   7.5422311e-01
   9.7516311e-01
   1.3852931e+00
   1.7331931e+00
   2.1225931e+00
   1.9614931e+00
   1.6721931e+00
   1.7258931e+00
   1.6867931e+00
   1.3767931e+00
   1.2595931e+00
   1.7209931e+00
   2.1982931e+00
   2.6364931e+00
   2.6767931e+00
   2.5876931e+00
   2.7683931e+00
   2.8989931e+00
   2.7964931e+00
   2.0969931e+00
   1.3169931e+00
   1.0703931e+00
   9.6173311e-01
   1.0703931e+00
   1.1362931e+00
   1.3974931e+00
   1.4853931e+00
   9.3244311e-01
   3.6847311e-01
   4.7101311e-01
   8.5920311e-01
   1.2754931e+00
   1.7270931e+00
   2.1286931e+00
   2.2043931e+00
   2.1103931e+00
   2.1225931e+00
   1.9883931e+00
   1.7417931e+00
   1.4011931e+00
   1.0386431e+00
   4.4660311e-01
   1.3898411e-01
   1.0724511e-01
   3.2819311e-01
   6.4679311e-01
   1.1081931e+00
   1.1313931e+00
   9.4587311e-01
   3.2575311e-01
   1.0480411e-01
  -6.4876887e-02
  -5.1446887e-02
  -1.3323689e-01
  -5.8367689e-01
  -9.4866689e-01
  -1.2245069e+00
  -1.3649069e+00
  -1.5749069e+00
  -1.2563069e+00
  -7.4236689e-01
   2.2651134e-03
   8.0182311e-01
   1.4206931e+00
   1.6257931e+00
   1.1020931e+00
   4.5026311e-01
  -1.7595689e-01
  -2.1745689e-01
  -2.9436689e-01
  -2.6506689e-01
  -4.2742689e-01
  -5.5803689e-01
  -6.4836689e-01
  -5.4704689e-01
  -1.2224689e-01
   1.3654211e-01
  -4.4121887e-02
  -1.3811689e-01
  -2.1257689e-01
  -1.3689689e-01
   8.7714113e-02
   9.8700113e-02
  -1.9182689e-01
  -7.0818689e-01
  -1.2721069e+00
  -1.6152069e+00
  -1.7677069e+00
  -1.5895069e+00
  -1.2819069e+00
  -1.0939069e+00
  -7.5090689e-01
  -3.9079689e-01
  -2.7117689e-01
  -3.3953689e-01
  -4.5427689e-01
  -6.1662689e-01
  -5.6413689e-01
  -5.2666887e-02
   2.4274311e-01
   5.5036311e-01
   9.0436311e-01
   8.8727311e-01
   4.4904311e-01
  -3.7248689e-01
  -1.3307069e+00
  -1.9081069e+00
  -1.9460069e+00
  -1.6445069e+00
  -1.0024069e+00
  -2.0525689e-01
   3.5260311e-01
   4.9787311e-01
   7.0905311e-01
   6.7731311e-01
   2.6105311e-01
  -5.8489689e-01
  -1.3942069e+00
  -1.5529069e+00
  -1.3466069e+00
  -9.3889689e-01
  -8.4490689e-01
  -7.5212689e-01
  -8.1438689e-01
  -6.9475689e-01
  -3.7981689e-01
  -3.4929689e-01
  -4.8845689e-01
  -3.9934689e-01
  -1.1980689e-01
   2.8058311e-01
   4.1364311e-01
   7.3066113e-02
  -2.3943689e-01
  -6.4348689e-01
  -1.1183069e+00
  -1.5114069e+00
  -1.3991069e+00
  -1.0170069e+00
  -6.8254689e-01
  -5.2019689e-01
  -2.2722689e-01
  -1.7265887e-02
   1.9880311e-01
   2.8302311e-01
   3.1842311e-01
   2.1222311e-01
   2.7936311e-01
   5.6379311e-01
   6.6388311e-01
   3.2209311e-01
  -1.0271689e-01
  -4.7502689e-01
  -6.9841689e-01
  -1.4418069e+00
  -2.2927069e+00
  -2.4562069e+00
  -1.8813069e+00
  -1.2758069e+00
  -6.7278689e-01
  -3.8388866e-03
   6.2970311e-01
   9.3976311e-01
   1.0191131e+00
   5.6745311e-01
  -5.5106887e-02
  -6.8743689e-01
  -1.4955069e+00
  -2.1889069e+00
  -2.4172069e+00
  -2.2658069e+00
  -1.6542069e+00
  -8.5466689e-01
  -1.4787689e-01
   4.5758311e-01
   1.0166731e+00
   1.4841931e+00
   1.5403931e+00
   1.5476931e+00
   1.1838931e+00
   7.9328311e-01
   5.6379311e-01
  -6.2798866e-03
  -9.6570689e-01
  -1.9496069e+00
  -2.5282069e+00
  -2.7077069e+00
  -2.3415069e+00
  -1.6371069e+00
  -5.7512689e-01
   4.8566311e-01
   1.2986931e+00
   1.9431931e+00
   2.3227931e+00
   2.3386931e+00
   2.0993931e+00
   1.6208931e+00
   7.2858311e-01
  -1.6252689e-01
  -1.0732069e+00
  -1.6786069e+00
  -2.0888069e+00
  -2.2695069e+00
  -1.8007069e+00
  -1.0317069e+00
  -2.1623689e-01
   6.3947311e-01
   1.2558931e+00
   1.7051931e+00
   2.1885931e+00
   2.5498931e+00
   2.4814931e+00
   2.0041931e+00
   1.6172931e+00
   1.0849931e+00
   4.2585311e-01
  -3.3586689e-01
  -1.1135069e+00
  -1.9386069e+00
  -2.5771069e+00
  -2.6418069e+00
  -2.2389069e+00
  -1.7128069e+00
  -1.0024069e+00
  -2.9436689e-01
   4.6491311e-01
   1.2021931e+00
   1.4218931e+00
   1.0739931e+00
   5.2716311e-01
  -1.2102689e-01
  -9.7670689e-01
  -1.5529069e+00
  -1.8581069e+00
  -1.7934069e+00
  -1.6127069e+00
  -1.1049069e+00
  -6.3738689e-01
  -1.5398689e-01
   2.3175311e-01
   5.5280311e-01
   9.8981311e-01
   1.0898931e+00
   9.2145311e-01
   3.4284311e-01
  -4.8723689e-01
  -1.2380069e+00
  -1.7336069e+00
  -1.7177069e+00
  -1.4870069e+00
  -1.1501069e+00
  -7.7165689e-01
  -4.1765689e-01
   5.9638013e-02
   5.0031311e-01
   7.6398311e-01
   6.7121311e-01
   5.1374311e-01
  -1.4299689e-01
  -1.1586069e+00
  -1.8312069e+00
  -2.0326069e+00
  -1.8288069e+00
  -1.4113069e+00
  -9.2058689e-01
  -3.1999689e-01
   3.7824311e-01
   8.3722311e-01
   1.0544931e+00
   4.2951311e-01
  -7.6189689e-01
  -1.5126069e+00
  -1.5981069e+00
  -1.5309069e+00
  -1.5236069e+00
  -1.2868069e+00
  -7.5334689e-01
  -1.6741689e-01
   3.3918311e-01
   7.8351311e-01
   8.7262311e-01
   1.6584311e-01
  -1.3832069e+00
  -2.3720069e+00
  -2.0094069e+00
  -1.1135069e+00
  -5.0066689e-01
  -1.8486887e-02
   4.7101311e-01
   1.1399931e+00
   1.9089931e+00
   2.5986931e+00
   2.7903931e+00
   2.1006931e+00
   7.5177311e-01
  -1.1684069e+00
  -2.2548069e+00
  -2.2072069e+00
  -1.8215069e+00
  -1.3454069e+00
  -6.7034689e-01
   1.3288011e-01
   1.0739931e+00
   1.8698931e+00
   2.4338931e+00
   2.7512931e+00
   2.2373931e+00
   1.0813931e+00
  -9.9418866e-03
  -1.0658069e+00
  -1.7946069e+00
  -1.6738069e+00
  -1.0866069e+00
  -5.1042689e-01
   1.5729311e-01
   8.6042311e-01
   1.4841931e+00
   1.9675931e+00
   2.0945931e+00
   1.2717931e+00
  -3.6150689e-01
  -1.3637069e+00
  -1.1562069e+00
  -7.4358689e-01
  -1.1614689e-01
   6.7487311e-01
   1.3291931e+00
   2.0114931e+00
   2.6157931e+00
   3.0869931e+00
   3.1601931e+00
   2.7329931e+00
   2.0200931e+00
   6.3214311e-01
  -9.5720689e-01
  -1.5041069e+00
  -1.3735069e+00
  -8.8884689e-01
  -3.9079689e-01
  -3.9238887e-02
   2.0368311e-01
   2.9523311e-01
   5.8942311e-01
   9.0558311e-01
   8.7629311e-01
   4.3561311e-01
  -3.7859689e-01
  -1.4455069e+00
  -2.0986069e+00
  -1.9887069e+00
  -1.3271069e+00
  -4.9089689e-01
   4.3927311e-01
   1.0666931e+00
   1.4804931e+00
   1.4133931e+00
   1.2387931e+00
   7.5544311e-01
   2.1588311e-01
  -4.7746689e-01
  -9.5960689e-01
  -1.0427069e+00
  -1.1122069e+00
  -9.3401689e-01
  -5.6291689e-01
  -1.0759689e-01
   1.0236311e-01
   3.6969311e-01
   2.5373311e-01
  -1.7595689e-01
  -2.5652689e-01
  -7.8296887e-02
   3.2782113e-02
   1.0480411e-01
   6.1872311e-01
   9.7394311e-01
   1.2961931e+00
   1.5012931e+00
   1.4328931e+00
   1.0544931e+00
   5.9430311e-01
   3.1110311e-01
  -2.3088689e-01
  -7.6555689e-01
  -7.3503689e-01
  -4.3474689e-01
